time,start,end,motion-pattern
3.69,0,3.69,init
7.46,3.7,11.15,stand
37.14,11.16,48.29,walk
7.47,48.3,55.76,down
10.14,55.77,65.9,walk
7.06,65.91,72.96,down
14.64,72.97,87.6,walk
8.74,87.61,96.34,up
6.52,96.35,102.86,walk
8.34,102.87,111.2,up
22.58,111.21,133.78,walk
