time,start,end,motion-pattern
3.61,0,3.61,init
6.87,3.62,10.48,stand
40.2,10.49,50.68,walk
8.53,50.69,59.21,down
9.86,59.22,69.07,walk
8.66,69.08,77.73,down
15.09,77.74,92.82,walk
8.8,92.83,101.62,up
5.35,101.63,106.97,walk
8.36,106.98,115.33,up
24.45,115.34,139.78,walk
