time,start,end,motion-pattern
3.43,0,3.43,init
7.04,3.44,10.47,stand
38.78,10.48,49.25,walk
7.29,49.26,56.54,down
9.94,56.55,66.48,walk
7.51,66.49,73.99,down
15.22,74,89.21,walk
9.84,89.22,99.05,up
5.82,99.06,104.87,walk
8.61,104.88,113.48,up
23.24,113.49,136.72,walk
